./examples/evolution.in
Num_taxa = 14
Seq 0 = Mouse : 0 1.7043 2.0235 2.1378 1.5232 1.8261 1.9182 2.0039 1.9431 1.9663 2.0593 1.6664 1.732 1.7101 
Seq 1 = Bovine : 1.7043 0 1.1901 1.3287 1.2423 1.2508 1.2536 1.3066 1.2827 1.3296 1.2005 1.346 1.3757 1.3956 
Seq 2 = Lemur : 2.0235 1.1901 0 1.2905 1.3199 1.3887 1.4658 1.4826 1.4502 1.8708 1.5356 1.4577 1.7803 1.6661 
Seq 3 = Tarsier : 2.1378 1.3287 1.2905 0 1.7878 1.3137 1.3788 1.3826 1.4543 1.6683 1.6606 1.5935 1.7119 1.7599 
Seq 4 = Squir_Monk : 1.5232 1.2423 1.3199 1.7878 0 1.0642 1.1124 0.9832 1.0629 0.9228 1.0681 0.9127 1.0635 1.0557 
Seq 5 = Jpn_Macaq : 1.8261 1.2508 1.3887 1.3137 1.0642 0 0.1022 0.2061 0.3895 0.8035 0.7239 0.7278 0.7899 0.6933 
Seq 6 = Rhesus_Mac : 1.9182 1.2536 1.4658 1.3788 1.1124 0.1022 0 0.2681 0.393 0.7109 0.729 0.7412 0.8742 0.7118 
Seq 7 = Crab-E.Mac : 2.0039 1.3066 1.4826 1.3826 0.9832 0.2061 0.2681 0 0.3665 0.8132 0.7894 0.8763 0.8868 0.7589 
Seq 8 = BarbMacaq : 1.9431 1.2827 1.4502 1.4543 1.0629 0.3895 0.393 0.3665 0 0.7858 0.714 0.7966 0.8288 0.8542 
Seq 9 = Gibbon : 1.9663 1.3296 1.8708 1.6683 0.9228 0.8035 0.7109 0.8132 0.7858 0 0.7095 0.5959 0.6213 0.5612 
Seq 10 = Orang : 2.0593 1.2005 1.5356 1.6606 1.0681 0.7239 0.729 0.7894 0.714 0.7095 0 0.4604 0.5065 0.47 
Seq 11 = Gorilla : 1.6664 1.346 1.4577 1.5935 0.9127 0.7278 0.7412 0.8763 0.7966 0.5959 0.4604 0 0.3502 0.3097 
Seq 12 = Chimp : 1.732 1.3757 1.7803 1.7119 1.0635 0.7899 0.8742 0.8868 0.8288 0.6213 0.5065 0.3502 0 0.2712 
Seq 13 = Human : 1.7101 1.3956 1.6661 1.7599 1.0557 0.6933 0.7118 0.7589 0.8542 0.5612 0.47 0.3097 0.2712 0 
24.2142 17.2065 19.9218 20.4684 15.1187 11.2797 11.6592 12.1242 12.3216 13.3591 12.6268 11.8344 12.7923 12.2177 
(LemurTarsier)
21.4883 15.3018 -1 11.1616 12.9196 9.28325 9.59165 10.0464 10.2241 10.9443 10.3835 9.66355 10.4009 9.85945 
(Bovine(LemurTarsier))
19.6114 -1 -1 9.23975 11.5371 7.9978 8.26925 8.6923 8.87218 9.41027 8.9997 8.2433 8.8556 8.3207 
(Mouse(Bovine(LemurTarsier)))
-1 -1 -1 6.84891 9.7599 6.11771 6.32464 6.68901 6.90035 7.3358 6.95386 6.37566 6.89261 6.37196 
((Mouse(Bovine(LemurTarsier)))Squir_Monk)
-1 -1 -1 -1 5.47521 5.01976 5.17032 5.56996 5.75718 6.21135 5.77108 5.35968 5.75356 5.24393 
(Jpn_MacaqRhesus_Mac)
-1 -1 -1 -1 4.81237 -1 4.58404 5.28176 5.31482 5.40305 4.99353 4.57408 4.87041 4.49028 
((Jpn_MacaqRhesus_Mac)Crab-E.Mac)
-1 -1 -1 -1 4.13672 -1 -1 4.0959 4.8685 4.5504 4.16816 3.70123 3.94353 3.69211 
(((Jpn_MacaqRhesus_Mac)Crab-E.Mac)BarbMacaq)
-1 -1 -1 -1 3.44735 -1 -1 -1 3.4409 3.69401 3.36131 2.82934 3.02853 2.82876 
(((Mouse(Bovine(LemurTarsier)))Squir_Monk)(((Jpn_MacaqRhesus_Mac)Crab-E.Mac)BarbMacaq))
-1 -1 -1 -1 -1 -1 -1 -1 1.94245 2.87643 2.53933 2.05825 2.17434 2.0059 
((((Mouse(Bovine(LemurTarsier)))Squir_Monk)(((Jpn_MacaqRhesus_Mac)Crab-E.Mac)BarbMacaq))Gibbon)
-1 -1 -1 -1 -1 -1 -1 -1 -1 1.24385 1.79385 1.39501 1.45685 1.33414 
(ChimpHuman)
-1 -1 -1 -1 -1 -1 -1 -1 -1 0.802152 1.17 0.929458 -1 0.717495 
(((((Mouse(Bovine(LemurTarsier)))Squir_Monk)(((Jpn_MacaqRhesus_Mac)Crab-E.Mac)BarbMacaq))Gibbon)Orang)
-1 -1 -1 -1 -1 -1 -1 -1 -1 -1 0.272178 0.38343 -1 0.277448 
((((((Mouse(Bovine(LemurTarsier)))Squir_Monk)(((Jpn_MacaqRhesus_Mac)Crab-E.Mac)BarbMacaq))Gibbon)Orang)Gorilla)
### 
 Elapsed Time 253
###
Num_taxa = 14
Seq 0 = NULL : -1 -1 -1 -1 -1 -1 -1 -1 -1 -1 -1 1.51509 -1 1.58545 
Seq 1 = NULL : -1 0 1.1901 -0.824313 -0.0482063 1.2508 1.2011 1.16085 0.307179 0.624123 0.733838 0.945379 1.3757 1.25005 
Seq 2 = NULL : -1 1.1901 0 -0.664775 0.0703625 1.3887 1.37615 1.33637 0.45222 0.967244 1.07295 1.17078 1.7803 1.5876 
Seq 3 = NULL : -1 -0.824313 -0.664775 0 0.5144 0.617312 0.598475 0.576494 0.29898 0.361074 0.393594 0.404688 0.700212 0.557487 
Seq 4 = NULL : -1 -0.0482063 0.0703625 0.5144 0 0.583556 0.560638 0.489647 0.429048 0.325283 0.318358 0.31543 0.624656 0.483544 
Seq 5 = NULL : -1 1.2508 1.3887 0.617312 0.583556 0 0.1022 0.06115 0.124835 0.269902 0.318427 0.428573 0.7899 0.606 
Seq 6 = NULL : -1 1.2011 1.37615 0.598475 0.560638 0.1022 0 0.186 0.132251 0.224909 0.271655 0.382988 0.78095 0.5806 
Seq 7 = NULL : -1 1.16085 1.33637 0.576494 0.489647 0.06115 0.186 0 0.160462 0.21929 0.250858 0.374314 0.740875 0.540925 
Seq 8 = NULL : -1 0.307179 0.45222 0.29898 0.429048 0.124835 0.132251 0.160462 0 0.388532 0.212256 0.182612 0.425141 0.273873 
Seq 9 = NULL : -1 0.624123 0.967244 0.361074 0.325283 0.269902 0.224909 0.21929 0.388532 0 0.356948 0.221288 0.328955 0.170495 
Seq 10 = NULL : -1 0.733838 1.07295 0.393594 0.318358 0.318427 0.271655 0.250858 0.212256 0.356948 0 0.18908 0.239253 0.0830984 
Seq 11 = ((((((Mouse(Bovine(LemurTarsier)))Squir_Monk)(((Jpn_MacaqRhesus_Mac)Crab-E.Mac)BarbMacaq))Gibbon)Orang)Gorilla) : 1.51509 0.945379 1.17078 0.404688 0.31543 0.428573 0.382988 0.374314 0.182612 0.221288 0.18908 0 0.200187 0.0441844 
Seq 12 = NULL : -1 1.3757 1.7803 0.700212 0.624656 0.7899 0.78095 0.740875 0.425141 0.328955 0.239253 0.200187 0 0.2712 
Seq 13 = (ChimpHuman) : 1.58545 1.25005 1.5876 0.557487 0.483544 0.606 0.5806 0.540925 0.273873 0.170495 0.0830984 0.0441844 0.2712 0 
(((((((Mouse(Bovine(LemurTarsier)))Squir_Monk)(((Jpn_MacaqRhesus_Mac)Crab-E.Mac)BarbMacaq))Gibbon)Orang)Gorilla)(ChimpHuman))
