100
A0
A1     1.76
A2     3.0  2.0 
A3     3.87 3.05 1.42
A4     1.85 2.79 4.64 2.43
A5     3.9  4.85 4.11 1.84 1.08
A6     0.61 4.93 4.06 1.7  0.7  2.86
A7     1.75 1.37 1.5  3.31 3.04 4.75 1.33
A8     0.25 0.74 1.01 2.81 3.88 4.13 1.71 2.24
A9     4.9  4.5  1.39 2.83 2.09 0.81 4.76 2.24 3.11
A10    2.68 4.38 4.71 1.92 0.52 1.2  4.81 0.59 4.54 0.69
A11    0.87 0.39 1.19 4.29 0.57 1.43 4.03 2.36 0.22 4.65 1.4 
A12    0.19 2.76 1.58 3.67 3.56 3.62 2.06 4.71 2.41 0.96 4.3  1.97
A13    0.15 3.4  3.78 4.5  1.97 0.85 1.67 2.53 4.93 3.2  1.95 0.27 4.37
A14    0.2  4.72 3.88 0.28 4.96 0.17 2.64 0.24 0.8  1.64 1.83 1.29 3.1  0.34
A15    3.03 2.76 1.84 2.86 4.29 1.89 4.8  3.0  4.44 0.61 1.55 0.91 0.36 1.18 3.58
A16    2.17 1.4  4.77 4.25 1.57 2.9  4.01 3.12 3.79 1.03 0.81 0.78 0.9  0.15 2.22 2.08
A17    4.71 3.38 4.69 1.72 4.02 2.15 3.12 4.67 1.08 3.75 1.07 4.46 4.35 4.97 2.69 1.99 3.0 
A18    4.37 0.34 4.22 3.61 3.96 1.96 1.93 0.36 3.91 4.64 2.89 1.35 0.95 2.61 2.57 2.36 2.65 4.04
A19    0.91 3.83 3.45 3.92 3.61 0.5  2.12 1.34 0.26 0.37 4.92 2.18 2.27 3.37 2.51 0.73 3.75 3.28 0.94
A20    4.64 4.84 4.41 3.73 3.18 4.2  1.06 0.27 1.8  0.8  1.85 1.98 1.06 1.05 1.02 2.33 3.52 1.64 2.29 4.81
A21    4.12 4.44 1.53 1.89 0.6  3.22 3.33 4.67 3.36 2.46 3.95 3.69 4.63 4.39 0.34 0.67 3.89 1.93 0.4  2.65 0.63
A22    4.79 0.56 0.35 3.55 4.38 4.96 1.62 4.76 2.09 3.9  2.0  3.46 3.16 0.61 1.06 0.79 4.66 0.66 1.83 1.84 2.22 0.74
A23    2.26 2.86 0.49 3.62 1.77 2.05 3.92 0.3  2.53 3.05 0.97 2.98 1.32 1.88 0.49 2.76 3.73 1.63 4.73 2.59 0.2  3.61 1.6 
A24    2.18 3.87 1.0  2.4  0.63 0.75 1.52 0.95 0.54 0.56 2.63 1.32 1.07 1.74 4.54 0.78 2.23 4.92 3.8  0.53 0.74 0.71 3.51 3.65
A25    1.81 4.49 4.75 3.19 1.23 2.71 1.14 3.82 1.11 3.15 3.69 3.71 4.4  1.32 1.0  3.82 1.34 4.32 3.75 2.3  3.46 2.3  0.38 3.43 3.88
A26    3.95 1.58 1.65 1.71 3.01 3.1  1.3  3.43 1.07 4.36 4.34 2.71 0.72 4.42 1.41 1.53 2.61 3.02 2.0  1.43 2.98 2.12 1.22 4.33 2.57 4.48
A27    4.04 2.34 2.86 1.72 2.07 0.6  0.72 2.92 0.26 1.66 1.35 1.33 4.55 4.66 1.17 2.34 3.63 0.9  0.43 1.62 1.98 4.24 3.9  1.86 2.15 2.71 4.49
A28    0.88 1.05 1.81 0.25 4.89 0.81 2.55 4.37 1.71 1.08 3.03 4.73 3.92 4.85 0.72 4.15 3.74 0.82 1.83 3.67 4.65 4.18 3.84 0.66 1.95 3.06 4.4  1.79
A29    1.14 1.34 1.45 0.13 1.48 4.28 0.43 3.65 2.24 2.91 0.71 4.73 1.8  3.83 3.86 2.65 3.42 4.23 4.91 2.74 0.81 2.69 0.89 4.12 4.82 2.65 2.84 4.28 2.2 
A30    4.53 2.65 0.66 0.19 4.1  2.66 0.2  2.91 4.76 3.23 2.19 4.91 1.44 2.07 2.99 2.34 1.41 3.35 1.71 3.09 1.82 4.92 4.23 3.41 4.72 2.62 2.83 1.03 2.87 4.35
A31    1.31 0.71 2.25 2.77 1.0  1.52 3.28 3.56 2.64 2.37 1.61 1.23 4.31 4.46 4.37 2.48 2.49 2.06 1.11 1.18 1.45 2.07 0.34 1.59 1.79 2.62 2.04 4.71 4.97 1.49 4.84
A32    0.63 2.93 0.75 4.94 2.05 1.8  0.98 3.05 1.54 1.77 1.41 0.2  0.38 1.96 0.85 4.01 2.01 4.57 0.22 0.84 0.73 3.54 0.9  1.01 4.07 4.16 1.23 4.52 3.6  3.13 0.73 4.48
A33    3.44 1.83 2.31 4.03 3.07 1.35 1.36 2.46 3.72 1.74 1.34 4.8  4.76 2.83 1.66 4.05 1.04 4.9  4.06 1.36 4.92 3.34 4.59 2.52 2.28 2.15 4.01 2.33 2.68 2.5  4.55 2.19 4.83
A34    3.67 4.84 2.71 3.92 4.93 4.0  4.63 1.85 4.6  1.44 0.61 3.74 3.74 0.39 0.31 2.32 1.24 3.92 3.75 3.57 4.86 2.69 1.3  1.73 4.17 2.61 0.8  3.57 0.79 3.83 1.04 2.59 0.73 0.97
A35    0.17 3.93 2.44 2.54 0.19 0.74 1.75 0.54 0.76 3.67 1.47 0.23 3.51 3.63 2.48 1.84 2.63 0.96 0.92 2.55 1.82 3.92 4.99 3.71 3.93 1.52 3.51 3.34 1.22 4.9  1.8  1.42 0.13 1.88 4.34
A36    4.1  3.89 4.77 3.2  1.03 3.07 2.33 4.01 3.92 0.49 4.33 0.39 4.3  1.64 1.33 2.51 2.73 1.35 3.56 4.4  2.84 3.47 2.59 0.87 4.02 3.92 2.38 1.1  2.27 4.04 1.89 0.35 0.92 1.43 4.65 0.41
A37    4.33 2.44 4.26 0.81 2.66 0.38 3.7  0.91 4.97 0.83 3.9  1.98 4.55 0.93 0.44 1.24 1.37 2.45 1.07 0.86 4.14 4.2  1.91 1.99 3.7  3.56 2.95 0.38 0.26 3.63 1.1  4.62 4.25 1.77 3.54 1.55 0.69
A38    1.49 3.75 4.89 0.25 1.48 3.62 3.94 0.87 3.48 0.48 3.99 1.49 2.47 1.19 0.23 0.94 0.34 1.36 2.36 1.6  3.97 1.18 0.31 2.1  0.95 2.43 1.71 3.31 0.64 3.08 3.14 0.53 3.53 0.29 3.87 3.87 1.22 4.72
A39    3.47 2.53 3.33 1.77 0.63 2.69 4.09 4.7  3.03 1.03 4.27 2.7  1.19 0.72 4.73 3.28 2.67 2.45 0.57 1.39 0.3  1.61 1.8  4.57 4.05 0.26 2.75 2.57 0.72 1.42 4.69 3.29 1.31 4.71 2.2  4.44 1.78 3.59 4.59
A40    4.7  2.85 4.36 3.69 0.38 3.51 2.58 4.84 3.58 2.35 1.08 2.06 1.7  2.62 2.84 0.51 1.15 2.18 2.75 3.96 3.38 4.57 0.18 4.36 4.47 0.81 0.15 1.27 0.27 1.34 4.47 3.45 0.83 4.51 2.3  0.84 3.07 4.48 4.33 4.82
A41    3.94 1.5  0.57 1.92 2.21 1.61 4.93 1.98 0.82 2.15 3.27 0.98 4.44 2.72 4.63 1.04 4.82 1.85 3.05 3.32 1.49 3.97 1.1  4.76 3.37 5.0  2.83 4.15 4.16 2.22 2.62 4.94 4.84 1.3  3.74 4.68 2.07 4.8  4.44 4.71 2.14
A42    2.31 2.91 0.41 1.27 3.35 2.6  4.89 0.8  3.51 1.49 3.68 3.64 2.78 1.3  0.57 1.03 2.67 4.39 2.01 4.41 0.16 4.12 0.89 4.54 1.67 2.09 4.11 0.92 1.73 2.56 2.66 2.31 1.39 2.4  3.84 1.58 2.35 0.44 0.7  3.63 4.96 1.2 
A43    4.34 1.65 1.37 1.64 1.82 1.86 1.26 3.08 0.95 1.99 1.15 4.06 1.21 4.03 2.11 0.58 1.26 0.65 2.58 2.37 4.44 4.05 3.31 3.33 1.38 4.38 4.74 3.98 1.99 1.47 2.61 4.55 1.73 3.19 2.87 2.59 0.96 2.69 0.96 2.76 0.54 4.38 2.82
A44    1.83 1.47 3.31 2.5  4.57 0.47 1.48 1.14 3.7  2.62 1.28 4.77 4.16 1.74 4.19 0.56 2.1  3.47 0.74 3.85 2.86 2.83 2.39 2.97 3.14 2.32 1.08 2.85 1.14 3.53 2.63 0.34 1.92 4.51 1.63 2.9  3.46 4.63 0.83 0.65 2.5  0.58 1.06 2.05
A45    4.31 1.23 1.34 1.48 2.62 1.86 2.78 2.89 1.22 2.51 4.53 2.52 0.4  3.41 0.41 3.25 2.86 2.28 4.67 2.73 4.89 1.75 0.38 3.75 4.58 4.43 1.21 3.48 3.72 3.89 3.8  2.1  2.95 0.34 2.46 1.54 4.33 0.79 1.78 1.95 3.31 4.97 2.38 3.15 1.84
A46    0.97 1.39 0.17 2.81 0.94 1.92 0.49 1.21 1.9  4.65 2.52 1.88 2.64 3.86 3.92 2.03 2.15 2.7  4.52 3.07 4.63 4.83 0.85 4.03 4.73 0.53 4.96 2.11 5.0  3.32 3.39 1.99 3.96 4.62 4.03 2.46 0.28 1.83 4.5  0.97 0.69 0.45 3.5  1.69 3.52 2.77
A47    3.4  3.09 1.77 1.53 3.24 0.56 3.42 4.84 4.74 0.92 3.32 4.83 4.97 1.17 1.97 2.37 0.52 1.35 2.95 3.45 0.31 4.77 3.95 0.42 2.19 4.39 1.91 1.12 3.3  3.65 0.13 0.38 1.12 0.28 3.31 3.41 0.99 1.38 3.25 1.82 2.48 2.35 2.06 2.83 1.56 4.49 2.8 
A48    0.48 4.47 0.15 2.95 2.83 0.21 2.15 3.79 0.97 1.55 2.83 4.43 1.78 0.32 0.3  2.84 0.37 3.22 3.13 4.85 1.45 2.58 2.89 3.77 4.82 4.94 0.77 0.49 3.17 3.31 4.76 0.14 2.95 3.58 0.45 4.13 4.8  3.04 2.12 2.59 1.85 1.67 3.28 1.78 0.15 2.54 3.79 2.65
A49    2.62 1.97 2.59 3.61 4.2  2.86 3.0  2.84 0.99 3.17 2.49 1.89 4.68 2.38 1.86 0.72 1.0  2.99 4.11 1.23 4.66 3.86 4.11 2.84 2.29 3.83 4.9  3.35 2.39 1.09 4.67 4.41 0.29 2.58 4.07 1.71 0.39 3.62 0.48 1.82 2.34 2.53 2.56 2.95 2.06 4.89 0.66 0.12 0.77
A50    3.61 1.75 2.32 1.62 0.25 4.05 2.26 0.16 0.27 0.18 1.86 3.67 4.17 2.37 3.83 4.59 2.6  0.85 0.22 4.85 3.19 4.63 4.32 2.96 0.78 0.83 4.42 1.6  2.71 0.54 0.11 0.93 2.53 3.86 0.2  3.89 0.73 3.19 1.96 2.07 3.91 4.79 3.1  3.24 3.39 2.01 3.9  1.14 0.79 2.38
A51    0.72 2.23 1.81 3.42 0.2  4.32 2.9  1.07 1.8  0.39 2.81 1.92 2.38 1.73 0.77 3.4  2.44 1.68 1.92 4.79 3.19 3.26 2.13 2.88 4.5  3.41 4.23 1.95 2.49 4.01 3.23 1.9  2.28 1.96 0.5  1.27 4.69 0.48 3.91 2.99 0.35 1.76 0.17 1.24 3.99 0.2  1.73 0.33 2.42 2.42 0.41
A52    2.66 1.31 4.17 2.39 3.7  2.28 2.17 4.67 2.05 3.31 0.5  1.16 1.7  3.31 3.62 0.74 0.78 0.66 4.95 4.85 3.74 2.19 3.6  1.49 3.88 3.68 1.66 4.31 1.58 2.68 4.07 1.86 4.92 4.94 2.78 2.08 2.65 0.64 4.05 0.81 4.1  0.97 1.69 3.05 2.99 0.39 4.08 4.65 4.96 3.71 1.07 4.27
A53    2.17 3.6  4.79 4.51 2.34 0.78 4.66 1.94 3.44 3.41 1.57 1.13 2.19 2.3  3.32 0.22 1.31 3.82 0.68 1.95 4.78 4.93 4.3  1.21 1.12 4.6  4.63 3.5  4.32 1.71 2.68 2.19 4.2  0.31 2.37 2.7  3.55 0.24 3.84 0.91 2.17 0.51 3.18 3.61 4.31 1.32 2.8  0.67 1.59 3.61 1.57 2.07 1.39
A54    1.99 2.17 0.4  3.95 4.15 3.71 0.9  0.38 2.59 3.48 2.54 4.27 4.32 3.68 3.14 0.47 2.93 4.35 3.74 4.86 3.83 3.69 2.56 4.54 4.04 0.64 3.32 0.24 2.57 2.54 1.2  3.47 3.96 1.32 4.57 2.63 0.91 2.43 2.53 3.63 3.75 4.98 3.71 4.0  4.84 4.25 1.33 2.07 4.26 3.22 3.77 2.54 3.4  0.15
A55    4.87 4.29 1.24 1.69 4.39 0.18 2.58 3.94 0.16 0.99 2.73 2.15 1.6  1.94 0.87 3.39 3.84 3.28 3.63 3.8  4.26 1.68 0.88 3.73 2.29 0.87 0.72 4.91 3.81 3.68 4.62 0.11 4.88 2.21 1.55 0.31 3.25 0.95 2.23 1.23 0.91 1.0  1.17 1.51 4.79 2.51 3.67 4.39 1.18 2.24 2.94 2.5  4.08 4.46 3.36
A56    2.47 0.43 3.82 3.31 4.67 0.17 3.76 4.05 2.54 3.83 0.49 2.31 0.91 0.47 2.78 1.09 1.63 2.26 0.19 2.29 2.08 3.45 2.4  0.66 0.98 3.46 4.65 3.36 4.44 0.97 3.51 2.08 0.41 1.5  4.13 2.53 4.22 0.69 2.2  0.81 0.1  3.0  4.09 2.44 4.13 1.05 4.26 1.27 0.77 2.18 1.64 0.97 2.02 1.05 4.58 3.94
A57    4.65 1.55 0.53 1.21 2.6  3.63 1.95 3.85 1.45 3.79 0.34 2.33 4.43 2.91 4.58 3.94 2.65 3.29 0.62 0.92 2.58 1.78 2.8  2.5  1.93 1.8  2.59 2.48 4.0  1.1  1.1  0.84 0.92 3.48 3.56 3.88 1.47 4.92 3.12 2.69 1.02 4.25 1.04 1.0  1.21 2.75 1.92 3.82 2.91 2.77 1.99 2.88 4.91 1.75 4.31 0.84 2.45
A58    0.72 1.54 2.95 3.24 1.65 1.74 0.82 2.48 3.58 1.79 1.85 4.78 2.94 3.92 0.73 0.38 2.21 0.75 1.99 3.88 4.14 3.26 1.3  4.82 1.84 4.23 3.05 1.35 3.1  0.16 4.5  1.23 1.1  3.83 3.19 1.77 4.3  2.25 4.03 0.86 1.68 0.56 4.03 2.21 3.39 2.88 3.4  2.65 1.51 4.4  3.16 1.75 1.17 1.94 1.92 1.49 3.71 2.58
A59    1.29 4.03 0.3  3.73 1.81 2.05 1.42 4.02 1.62 3.14 1.45 1.32 3.47 2.45 1.09 2.21 1.81 1.54 4.21 4.59 4.7  3.76 4.12 1.53 1.48 0.19 2.46 4.31 4.25 1.21 0.21 4.33 3.52 0.28 2.35 3.93 4.72 2.23 1.89 2.67 0.49 0.73 2.42 3.83 2.5  2.56 4.98 1.67 3.27 1.43 2.21 3.15 4.63 2.19 0.78 3.26 4.99 0.3  3.04
A60    4.45 4.02 1.02 2.93 2.38 0.76 2.61 0.44 3.82 0.18 1.42 3.35 3.79 2.88 0.33 2.68 0.78 2.71 2.49 3.27 0.68 4.15 4.41 2.95 1.75 1.21 2.86 3.04 1.74 2.88 4.81 1.8  4.46 4.82 2.15 3.24 3.57 4.02 4.35 1.06 3.55 0.91 0.14 0.75 3.59 0.58 2.65 4.08 3.04 0.37 3.92 0.69 2.04 0.58 3.55 0.65 2.72 2.49 2.21 2.54
A61    2.01 1.56 3.79 4.87 2.3  0.77 4.21 4.75 3.67 3.38 0.89 4.51 1.4  4.11 4.64 1.9  3.61 4.32 2.37 3.82 0.78 0.35 2.37 4.11 0.51 1.72 0.31 0.74 0.7  4.39 1.13 2.97 3.68 1.18 4.98 3.56 0.32 3.69 1.53 0.14 1.33 3.33 1.89 0.16 1.2  3.28 1.26 3.42 2.22 4.98 4.87 3.09 1.66 3.43 0.24 0.42 3.75 3.88 0.31 3.61 0.37
A62    1.28 4.09 1.58 4.99 3.96 3.09 2.17 2.68 4.58 2.55 3.44 4.91 2.65 1.45 2.5  1.45 1.29 0.71 1.36 2.56 2.09 1.33 1.94 3.4  1.02 3.59 1.22 1.52 1.57 2.7  0.37 3.74 0.17 2.63 3.1  4.91 2.99 4.21 1.21 3.35 2.53 4.25 3.76 4.95 2.33 4.32 1.25 1.87 1.81 4.24 2.49 2.4  1.63 3.91 2.97 4.56 4.83 0.86 4.62 2.81 3.01 4.32
A63    0.38 4.42 1.14 2.12 0.19 3.73 3.43 4.53 0.46 3.66 4.36 2.86 1.59 1.23 3.2  2.27 4.31 4.2  4.51 2.07 0.25 2.59 4.3  1.99 3.2  3.54 2.13 1.88 4.49 3.31 0.19 4.9  0.82 3.73 4.4  3.39 0.33 0.44 4.0  4.71 3.32 0.54 3.82 1.17 3.18 0.11 2.22 1.69 3.15 0.82 3.88 4.84 1.07 4.07 0.61 3.95 3.86 3.77 3.92 0.85 0.88 0.44 1.12
A64    2.65 3.84 4.2  1.29 3.81 4.28 0.45 1.58 4.72 3.43 4.14 2.96 1.87 0.75 1.9  1.4  1.59 0.69 1.54 2.5  2.99 2.36 3.12 0.41 3.8  4.59 1.16 0.82 3.8  1.37 2.05 2.47 3.54 2.92 3.08 3.96 4.47 2.61 2.83 4.48 3.42 0.43 4.71 2.57 1.6  1.42 0.95 4.12 0.31 3.79 0.32 1.42 0.59 2.24 0.11 1.23 4.99 1.63 1.88 4.7  2.8  3.37 1.85 2.2 
A65    1.99 1.12 3.88 4.73 2.25 4.16 4.0  2.39 2.89 4.98 4.85 2.69 0.14 1.4  3.94 4.22 2.52 4.65 2.58 1.88 4.82 4.36 4.73 2.01 3.56 3.4  3.25 0.84 4.81 3.0  1.37 4.22 0.44 3.63 3.99 4.22 0.99 0.15 1.33 4.05 3.3  4.22 3.65 1.5  0.93 3.29 2.06 4.12 0.83 1.55 0.63 1.65 0.85 3.11 2.29 2.86 4.54 2.65 3.68 0.62 3.36 2.48 1.46 3.7  2.33
A66    0.31 3.36 1.23 1.22 4.96 4.86 1.86 3.81 3.48 1.05 0.59 1.74 0.65 4.03 3.24 4.66 2.64 4.63 3.46 3.86 3.58 1.07 3.87 2.55 0.32 1.48 0.25 2.73 0.42 2.45 4.15 4.63 0.39 1.0  3.56 3.31 0.31 4.56 0.37 4.38 1.05 0.47 1.55 2.53 4.01 2.44 4.07 1.77 0.83 2.8  4.36 4.24 0.64 3.06 1.78 3.72 1.4  1.5  0.93 1.93 4.73 4.94 1.22 2.48 3.45 3.6 
A67    1.11 1.13 5.0  4.5  4.52 0.17 0.98 4.75 3.26 3.42 1.78 3.59 0.3  4.29 1.09 0.31 0.95 4.99 2.71 1.22 4.7  2.29 4.84 4.85 1.95 4.45 4.4  0.42 0.33 4.14 3.71 0.12 3.22 2.5  4.72 0.97 2.05 4.54 0.57 4.75 4.08 3.52 4.58 3.65 4.69 3.58 1.01 0.62 1.63 2.75 4.57 4.51 2.5  3.33 0.28 3.94 2.98 2.32 0.85 2.08 2.35 1.82 4.8  1.75 4.87 4.08 3.21
A68    3.3  0.64 4.55 3.73 3.34 0.74 2.78 0.23 3.99 2.01 1.49 1.98 0.17 4.91 3.45 3.29 2.17 3.6  2.57 4.89 0.61 2.22 4.09 4.03 1.29 0.78 1.74 3.34 4.14 2.01 0.12 4.4  4.23 1.87 1.68 1.27 1.06 4.47 0.19 4.71 1.1  3.91 4.75 1.42 4.45 1.26 2.72 3.12 3.53 4.04 2.19 0.73 4.74 0.57 3.89 3.64 4.74 1.89 4.75 4.31 3.13 2.04 0.88 0.74 2.31 2.86 0.87 2.33
A69    3.45 4.52 1.16 0.6  2.43 3.12 0.28 0.25 3.03 4.94 3.17 4.72 4.64 1.19 4.54 0.39 3.46 0.91 3.69 2.25 4.21 2.8  0.2  1.65 0.58 0.65 1.35 3.57 4.69 2.78 0.9  0.75 0.88 0.14 4.06 3.7  4.26 0.73 0.49 2.48 3.39 4.05 3.66 1.14 2.99 3.45 2.82 2.46 1.58 0.28 4.5  0.5  0.77 0.52 2.83 2.72 4.88 2.0  3.8  3.84 4.1  3.1  4.24 2.74 4.77 4.84 2.6  3.35 0.89
A70    4.55 4.02 2.05 0.86 3.72 4.92 2.66 0.69 1.3  2.98 2.84 4.56 3.43 2.79 0.9  2.19 0.39 2.41 2.75 3.47 4.25 4.63 2.09 0.79 4.41 4.5  4.28 2.46 3.53 2.89 0.93 0.42 2.55 1.64 0.72 2.12 2.3  4.08 0.8  1.45 3.63 1.21 3.7  0.23 4.03 3.05 0.96 3.6  1.53 0.91 3.97 4.85 2.26 2.53 1.8  1.93 1.6  4.5  2.48 2.12 2.98 4.85 0.55 4.48 2.94 2.59 2.5  4.73 4.46 1.41
A71    3.66 4.48 1.22 1.43 0.19 4.02 0.43 1.01 4.73 4.57 4.27 4.12 1.3  2.55 3.41 3.34 3.93 1.97 3.56 3.94 0.6  1.13 0.57 1.04 0.94 2.25 1.23 3.48 4.02 3.77 1.06 3.88 1.0  1.65 3.53 1.24 2.17 2.95 0.74 4.69 1.97 0.74 4.07 0.26 0.54 1.75 4.33 1.26 1.44 2.18 3.7  3.56 4.75 3.08 0.41 0.83 0.21 2.99 1.86 3.92 4.62 2.17 2.71 3.12 4.53 1.39 0.65 1.74 2.75 4.25 3.31
A72    2.43 1.83 0.98 2.25 0.12 2.51 4.8  1.32 0.31 0.84 3.02 0.54 1.72 3.74 3.89 1.33 0.57 2.6  1.3  4.88 2.71 4.46 4.45 1.07 1.57 0.76 3.95 3.11 1.9  2.77 1.35 3.7  1.64 0.59 1.42 1.07 3.3  2.77 4.16 2.31 4.29 3.65 4.77 4.74 0.17 3.66 0.8  1.04 2.78 4.79 4.17 3.07 1.37 0.72 1.53 2.05 2.19 0.94 0.75 3.43 3.94 1.8  4.46 2.37 4.14 1.77 3.24 2.03 2.88 4.48 0.93 2.49
A73    4.24 2.59 0.1  3.24 0.65 2.58 3.58 0.2  3.8  4.91 1.33 3.47 3.07 0.97 0.72 3.06 0.57 2.61 3.46 2.58 4.89 4.22 3.38 3.64 4.8  3.58 3.07 0.17 4.19 4.71 0.88 2.05 1.54 1.63 0.38 2.81 4.13 0.12 4.66 1.77 2.22 2.15 0.99 0.95 0.94 0.78 1.07 2.86 4.53 1.55 1.46 2.71 0.49 4.99 4.49 1.05 4.31 4.28 1.42 3.33 4.07 1.88 1.13 4.51 1.75 2.14 2.23 2.82 1.75 2.74 1.63 4.05 1.76
A74    1.95 0.51 4.29 1.9  0.27 4.29 4.51 3.94 3.14 3.68 1.74 1.69 1.29 0.5  3.44 0.1  1.94 3.26 3.45 2.19 4.76 2.26 4.24 3.96 0.78 1.7  1.57 1.62 0.19 1.97 1.84 4.61 1.99 2.57 4.6  2.78 1.27 1.01 0.12 0.9  3.76 1.45 1.23 1.83 4.65 1.25 0.38 4.2  4.07 2.79 3.59 4.93 4.6  3.88 3.32 2.02 4.84 0.75 3.48 1.02 1.67 0.74 4.54 1.27 1.23 3.98 3.18 0.5  2.33 1.39 0.54 4.71 3.09 0.82
A75    2.99 0.5  1.37 2.69 1.7  3.85 0.93 1.8  0.4  4.92 0.64 2.33 3.51 2.04 2.43 2.26 0.81 3.47 2.15 4.63 1.31 1.03 2.84 4.26 3.42 2.86 4.13 1.46 3.7  0.55 4.89 3.7  2.33 2.48 4.29 3.33 3.73 2.68 3.75 4.02 0.43 0.34 0.37 2.91 3.03 2.87 3.56 3.94 4.23 4.83 2.6  0.46 0.49 5.0  3.92 2.19 0.16 1.65 2.48 0.5  3.29 1.44 4.04 1.27 0.52 3.44 3.44 3.97 2.74 3.09 0.26 0.89 2.86 3.32 4.13
A76    3.41 2.68 0.36 1.39 2.78 3.37 4.66 1.12 0.94 3.63 2.14 0.58 1.06 0.8  4.14 3.28 2.41 2.34 0.72 3.95 2.07 1.5  1.19 4.67 1.97 4.71 2.21 3.32 1.91 0.66 4.53 3.45 0.68 3.81 1.08 0.7  1.59 2.26 2.51 2.81 3.06 1.08 2.91 0.59 4.19 4.71 0.14 4.14 2.24 0.26 3.2  1.89 0.25 4.32 3.13 1.88 3.19 0.69 2.51 1.26 3.31 0.81 2.93 2.36 3.97 1.46 1.42 4.13 2.14 3.52 4.57 1.93 2.81 3.79 2.46 2.64
A77    0.46 4.95 2.9  2.3  4.82 3.87 0.12 4.11 2.04 3.54 0.92 0.8  1.21 0.61 4.91 4.37 1.89 1.92 1.84 3.74 3.47 2.97 1.13 3.89 1.85 0.24 0.82 3.93 4.03 4.78 0.7  4.79 1.34 2.15 3.67 2.56 3.11 1.23 1.92 4.05 3.94 4.77 3.67 4.84 3.9  3.78 1.23 0.84 4.48 1.4  0.73 1.76 1.57 3.07 3.43 3.83 3.73 4.37 1.79 0.99 0.61 2.33 2.85 0.73 2.29 3.9  1.59 2.14 0.67 1.74 2.74 2.09 1.5  1.49 0.52 4.46 1.76
A78    4.98 1.43 4.13 0.62 3.27 4.36 3.01 3.35 2.19 1.29 0.96 1.84 0.54 4.38 1.21 2.33 1.8  4.45 4.84 0.99 4.69 3.82 4.82 0.18 1.86 2.01 0.43 4.63 0.55 4.32 2.88 3.75 3.31 2.27 1.58 2.59 3.95 4.39 1.12 2.39 4.4  1.12 3.56 2.84 1.56 2.46 0.53 2.9  0.7  1.4  4.61 2.23 4.38 3.56 1.57 4.5  3.97 1.35 1.12 4.86 4.02 0.71 3.0  0.74 3.44 0.38 4.68 4.24 3.0  3.74 4.59 4.72 3.46 4.84 0.23 1.55 0.62 4.23
A79    4.57 2.82 0.39 1.83 0.16 4.67 0.36 1.68 4.81 2.84 3.73 1.5  2.41 2.01 2.09 4.34 0.67 2.77 4.55 2.11 4.13 3.48 1.33 2.0  2.82 2.27 0.69 2.51 4.32 3.6  0.73 4.58 1.1  3.99 0.3  1.4  4.41 4.2  3.79 1.46 4.42 3.62 0.89 3.23 2.4  4.59 2.85 3.52 1.99 1.67 4.17 3.58 2.41 2.83 0.57 2.84 2.36 3.5  3.39 4.33 3.62 3.62 3.53 1.3  2.66 0.66 3.02 4.4  2.91 0.26 3.98 1.7  4.23 1.7  2.77 2.39 1.47 2.33 4.3 
A80    1.39 0.71 4.1  4.05 0.7  1.46 0.65 1.27 0.24 3.02 4.55 0.34 1.39 0.16 2.55 2.3  1.32 0.48 0.9  0.26 3.87 3.78 3.85 2.08 1.01 4.56 2.92 4.15 1.18 3.44 3.9  0.28 2.45 4.33 0.97 0.61 2.25 4.04 2.11 1.44 2.6  1.41 4.13 1.86 4.9  1.26 0.16 3.85 2.5  0.39 3.41 3.87 4.84 1.92 2.1  4.52 1.28 0.26 4.42 0.76 1.57 4.55 2.33 3.49 0.55 2.45 0.77 3.47 1.15 3.44 0.45 3.48 3.97 3.45 1.9  2.95 4.28 2.06 4.17 0.69
A81    3.0  3.51 1.91 1.09 0.97 2.74 2.46 0.8  4.56 1.63 4.08 4.05 2.15 2.1  0.28 2.22 3.99 4.51 0.4  1.7  1.0  3.88 4.86 3.63 4.58 1.43 1.71 2.29 2.96 4.43 3.71 4.61 1.8  0.5  3.59 0.88 2.73 1.96 3.7  2.71 1.8  4.18 3.02 3.06 2.27 3.03 4.03 4.51 3.23 2.92 4.01 2.93 3.44 1.85 3.74 4.56 2.01 1.62 4.41 2.24 2.28 4.39 4.86 3.48 1.73 2.72 1.33 3.86 4.51 0.21 2.48 1.88 1.11 2.91 2.67 2.14 4.62 4.12 1.02 2.92 2.68
A82    1.66 0.49 3.06 1.63 2.86 1.84 4.29 3.45 0.98 2.78 1.26 2.8  4.82 2.84 4.26 2.38 4.45 1.43 2.63 0.47 1.79 1.54 2.92 4.86 1.2  3.51 2.88 3.9  0.9  0.61 2.18 2.22 1.5  3.58 2.33 4.18 3.44 0.53 4.28 4.12 0.75 0.38 1.45 0.55 4.17 3.38 2.15 4.09 1.35 0.52 1.8  3.08 0.12 4.05 0.42 2.61 4.35 4.35 3.35 2.65 1.63 4.44 4.48 3.16 0.58 2.93 3.2  2.09 3.54 4.24 0.57 1.87 0.15 3.01 1.47 3.06 1.28 2.22 1.64 1.52 4.56 0.1 
A83    0.79 0.82 3.18 0.63 3.95 1.83 2.99 3.79 2.23 1.78 4.81 2.88 1.03 3.89 0.57 1.48 1.18 1.11 1.98 3.86 2.94 2.23 4.31 3.78 1.97 0.94 0.34 3.32 1.05 4.24 0.36 0.58 3.65 0.41 4.83 3.93 0.51 2.62 1.05 1.66 0.36 4.32 4.74 4.04 0.51 3.55 3.66 4.81 3.12 0.36 0.18 0.5  0.63 1.38 3.43 1.34 1.99 3.63 1.32 2.26 0.3  0.94 0.34 2.96 0.97 2.08 2.32 0.57 0.87 3.39 4.72 3.42 1.41 2.21 1.65 4.89 2.18 2.98 4.15 0.21 3.94 1.83 3.49
A84    4.51 0.89 0.7  1.16 0.78 1.08 0.37 3.41 2.76 4.84 0.24 2.61 2.08 3.67 0.77 3.51 2.2  2.05 1.81 3.63 4.36 4.29 2.18 3.65 3.59 3.42 3.64 1.22 0.33 0.68 0.87 4.77 1.64 1.52 4.87 4.67 1.92 3.82 4.66 3.1  1.42 1.89 3.31 3.8  1.6  3.0  1.66 4.45 2.55 1.9  3.93 3.96 1.52 1.9  2.91 1.47 4.04 3.48 4.96 2.89 2.43 4.67 2.3  0.58 0.11 3.37 4.92 1.34 1.58 0.7  4.02 0.4  4.26 3.09 2.41 1.43 1.38 1.82 1.89 4.34 0.47 1.46 1.02 1.59
A85    3.3  1.76 1.87 0.35 4.92 0.21 1.2  2.16 0.6  4.77 3.98 1.94 4.66 0.3  0.48 1.75 0.66 4.64 4.37 2.5  4.34 2.22 0.31 3.4  3.55 2.87 1.51 3.5  2.59 3.19 0.32 2.84 2.25 3.96 1.37 4.28 0.77 3.23 0.85 1.68 3.66 0.68 2.52 0.9  1.66 1.61 3.9  1.68 2.89 1.21 2.27 1.62 2.9  2.74 3.98 4.14 3.11 4.76 1.24 2.13 1.32 2.36 3.05 3.94 4.47 3.44 0.83 2.47 1.22 3.33 2.12 0.64 1.63 4.71 2.57 3.93 3.22 2.72 1.41 1.46 4.31 2.27 1.62 2.01 0.86
A86    2.12 1.74 1.83 0.31 2.02 4.1  4.02 2.37 0.14 3.22 4.44 1.2  4.23 3.77 4.8  1.45 2.06 0.34 3.85 1.08 2.92 0.62 2.15 3.18 0.76 1.03 2.99 4.76 2.48 3.84 0.87 0.2  3.72 3.04 1.42 4.61 3.67 4.06 0.31 2.82 3.18 2.08 3.59 2.39 4.67 1.03 1.16 0.31 4.44 0.84 1.48 4.11 3.0  3.49 2.56 1.08 2.04 2.06 2.8  4.57 3.91 4.9  1.07 0.84 4.58 3.44 3.62 3.83 1.49 3.63 4.2  1.01 0.39 2.14 4.17 1.14 2.02 4.02 1.77 2.15 1.29 4.69 0.73 3.7  0.48 3.24
A87    0.57 2.97 3.05 2.22 4.63 4.67 3.93 4.02 3.51 1.72 1.24 3.52 3.23 0.38 0.99 4.89 1.92 0.93 2.0  0.37 0.14 0.9  1.31 3.84 3.98 2.23 4.83 0.41 0.12 4.98 0.84 4.16 1.92 1.17 2.16 4.88 4.11 3.25 3.82 4.64 1.08 3.98 2.94 4.61 2.38 3.53 0.59 3.24 0.97 2.46 2.36 2.6  0.28 2.87 0.31 4.86 1.25 3.79 1.17 1.07 3.59 3.25 0.34 4.98 4.09 2.1  3.16 0.35 0.95 4.55 3.83 2.36 2.2  1.03 1.21 0.54 2.74 1.94 0.5  2.53 1.63 2.26 0.63 0.6  4.52 1.16 2.12
A88    1.01 3.28 2.97 0.73 0.45 4.49 2.73 4.75 4.34 4.44 3.45 0.21 4.75 0.98 3.59 4.25 2.63 4.91 3.15 3.36 4.5  1.93 4.09 1.08 2.26 1.68 3.01 1.69 1.25 2.78 0.69 1.56 2.75 4.08 3.55 3.51 4.83 2.84 3.56 0.89 0.25 2.65 0.55 4.69 0.78 2.65 1.67 1.83 3.39 2.68 0.87 2.43 3.78 2.75 0.84 1.54 1.09 3.19 2.17 4.57 3.78 3.38 2.6  2.48 0.36 0.82 4.8  1.3  4.28 0.82 1.71 1.53 3.48 3.55 2.53 4.07 3.25 1.9  2.97 0.28 0.32 3.82 2.17 1.17 1.94 0.42 2.52 1.17
A89    0.25 2.51 4.69 0.78 1.57 1.42 1.82 2.36 4.37 1.72 2.49 4.21 4.43 1.5  1.88 3.42 2.82 3.0  1.96 3.16 0.4  4.19 2.86 1.3  1.71 1.95 1.92 4.5  3.37 3.9  0.18 1.89 4.74 1.4  2.67 3.13 0.75 1.69 1.57 3.18 1.71 4.01 3.59 3.57 1.95 1.38 2.53 0.26 0.73 4.39 1.99 3.52 1.35 4.49 3.55 1.62 2.9  1.71 3.88 0.23 1.21 2.64 4.75 3.92 2.33 1.86 2.43 4.23 4.99 3.55 2.53 1.31 4.56 3.65 1.28 3.42 1.7  3.15 2.45 3.3  3.73 0.38 4.28 4.59 1.43 3.77 4.4  1.4  3.77
A90    4.81 0.41 1.59 0.15 0.28 3.57 2.19 4.25 0.11 1.61 4.6  2.99 1.9  1.91 3.81 4.16 0.33 4.48 2.87 4.29 3.68 3.95 3.62 0.18 1.26 1.33 4.44 2.77 1.33 4.04 1.89 0.51 4.53 4.51 4.51 0.76 4.69 4.37 2.97 4.2  2.98 2.7  1.97 1.69 4.05 4.22 2.0  2.49 0.73 1.09 2.03 0.89 2.91 2.76 4.44 3.75 1.9  0.19 4.38 1.85 1.06 1.98 2.21 2.14 3.95 3.26 3.55 1.88 3.04 1.59 4.85 3.07 0.23 3.83 2.84 1.32 4.09 4.95 0.65 0.75 4.11 1.62 3.73 4.56 4.65 0.56 1.72 3.72 1.63 2.44
A91    3.58 0.78 4.14 3.62 4.88 0.26 1.37 1.48 4.84 1.18 1.81 1.56 4.51 1.77 2.68 2.52 2.48 4.21 3.28 1.76 3.93 4.62 2.94 3.47 4.44 3.83 2.17 0.54 1.33 1.44 2.97 3.07 4.32 4.16 2.0  1.57 1.97 3.88 4.91 0.89 0.33 2.25 3.64 4.52 4.52 0.38 0.85 1.77 2.74 2.44 2.93 3.58 0.82 4.72 2.32 0.82 4.85 3.74 0.52 4.73 3.01 0.8  3.49 4.36 3.45 2.08 3.81 1.06 4.83 0.24 3.73 3.39 2.56 3.16 2.5  3.53 3.76 1.24 3.73 2.89 2.06 3.81 1.79 0.89 4.26 1.02 2.75 0.62 1.05 2.07 3.86
A92    5.0  2.75 3.14 1.34 2.73 4.39 1.26 2.82 4.94 1.89 3.73 0.8  1.22 4.97 2.74 4.91 3.34 3.18 1.84 4.31 2.34 1.71 4.55 3.76 1.39 4.7  3.27 0.75 4.79 0.96 0.32 2.34 4.86 2.7  0.32 2.22 1.77 2.25 0.63 1.48 2.46 4.24 2.63 2.89 4.9  2.17 4.26 1.59 4.16 4.32 2.14 1.87 2.53 3.11 4.34 3.29 3.54 3.13 0.59 0.63 4.94 4.04 3.96 3.58 3.96 0.65 2.23 1.86 0.91 3.49 3.39 3.41 0.53 1.74 1.77 3.46 3.26 0.63 3.44 2.79 2.57 4.25 1.49 3.09 0.86 0.13 4.75 1.99 1.61 3.64 4.58 3.75
A93    4.91 4.6  0.49 4.87 0.97 0.82 0.34 1.73 1.36 3.95 0.91 1.89 3.85 0.18 4.9  2.32 2.99 4.21 1.97 2.13 3.62 1.38 4.31 3.83 0.93 0.69 3.08 3.66 1.6  0.63 2.4  0.33 3.67 0.68 1.0  2.57 1.42 4.03 3.06 1.59 4.21 1.7  0.21 4.59 2.73 2.89 1.66 4.13 1.24 4.05 3.85 4.3  2.32 4.1  3.38 0.17 3.59 0.78 3.99 1.06 4.36 2.64 1.01 3.86 4.01 4.56 4.92 0.22 4.75 1.26 3.11 2.85 4.74 2.54 0.66 2.37 2.47 1.64 1.09 4.94 1.75 2.93 4.06 3.68 1.46 2.46 3.97 3.68 1.74 4.68 4.55 4.16 2.17
A94    4.04 0.64 0.49 1.65 2.65 3.07 0.29 3.72 0.77 2.66 4.87 2.34 3.23 3.48 4.16 1.46 3.95 1.33 2.27 1.54 3.1  2.04 2.18 0.34 3.94 2.67 3.09 0.9  2.58 4.09 3.7  2.9  4.56 2.41 1.81 0.48 2.14 4.94 0.46 1.54 0.88 0.95 2.56 2.02 3.62 2.37 4.69 4.59 2.34 4.95 4.42 4.71 4.19 0.61 2.56 2.08 1.83 3.59 1.57 4.29 0.85 1.35 4.86 1.45 4.49 1.98 0.26 0.97 3.08 1.05 1.16 4.35 3.42 2.69 0.23 1.0  4.34 3.83 2.38 4.97 3.58 4.38 0.22 4.78 4.24 4.03 4.63 4.08 1.82 0.52 4.26 2.3  2.19 2.54
A95    4.52 1.59 2.05 2.18 2.33 2.5  3.23 0.15 0.93 2.25 3.08 4.61 3.43 1.93 0.81 4.1  4.69 1.27 3.05 1.08 4.53 0.15 0.47 4.67 2.59 1.3  2.21 1.26 0.31 0.55 4.73 3.37 3.53 3.58 2.44 1.9  2.71 2.3  4.21 4.94 1.55 2.95 3.5  4.96 2.07 3.58 0.42 1.72 2.84 1.98 2.78 0.36 3.81 2.79 4.29 1.57 4.81 2.28 3.39 1.37 2.23 2.86 1.97 0.27 2.3  3.16 2.58 0.26 2.55 2.96 4.91 0.82 1.29 3.46 4.05 1.79 0.13 4.25 4.7  4.9  2.36 4.61 3.89 3.9  2.09 0.19 4.17 1.32 2.3  4.18 4.52 2.85 4.71 3.01 0.75
A96    4.12 2.32 2.42 4.68 4.61 4.08 2.95 1.19 0.23 3.02 4.0  4.62 0.18 1.86 1.0  4.23 2.57 0.85 3.24 3.08 0.57 4.13 1.68 3.75 4.46 1.33 4.44 0.36 0.8  2.12 1.81 3.93 1.04 3.35 2.83 4.14 3.18 4.18 3.72 4.79 4.5  3.76 3.17 1.18 3.71 4.84 3.36 1.51 3.43 1.99 3.69 2.77 2.12 0.26 2.32 1.11 0.49 3.84 0.31 1.52 2.6  4.85 3.95 1.98 3.58 1.52 4.07 1.86 3.27 4.97 2.33 3.78 3.56 4.76 5.0  4.19 3.81 0.93 3.26 1.64 3.94 3.1  2.83 4.55 2.45 3.53 1.36 1.79 2.07 2.78 0.9  2.38 0.26 0.19 3.02 2.43
A97    0.48 0.22 2.37 4.11 4.06 1.06 1.62 0.44 3.09 4.48 1.93 1.23 0.44 3.6  0.93 4.85 2.77 1.12 3.52 0.48 3.49 4.14 2.81 2.15 0.86 4.14 3.16 1.62 0.47 4.55 3.83 4.99 4.36 2.07 3.63 1.95 2.52 2.06 2.66 2.36 0.45 0.77 3.4  3.5  4.27 2.68 1.3  2.23 4.59 3.57 3.34 2.09 3.38 3.69 4.38 4.6  2.06 1.09 4.51 3.16 2.71 0.81 4.11 4.75 1.76 2.25 4.53 2.74 4.91 0.53 3.87 4.8  2.82 0.39 4.46 0.81 4.83 0.94 4.5  2.78 4.62 2.5  4.83 1.7  4.47 2.68 4.77 1.29 4.77 3.99 2.89 4.64 4.74 2.77 3.35 0.23 3.73
A98    1.28 4.83 1.04 4.0  4.0  3.75 0.24 2.51 1.33 4.38 4.17 2.57 4.62 4.9  2.49 2.89 1.41 1.5  4.91 2.91 2.53 3.74 4.47 0.37 1.65 3.89 3.47 4.83 1.31 4.85 1.0  2.89 1.94 1.59 3.54 3.76 0.65 3.75 2.54 2.75 0.9  4.94 2.52 1.25 3.15 2.2  2.24 4.98 0.53 2.96 2.85 4.88 1.13 3.96 4.34 4.25 3.94 2.67 1.95 0.62 3.16 1.18 4.29 1.32 1.56 1.63 1.8  2.54 1.7  2.33 4.61 0.12 4.96 0.94 3.32 3.29 2.98 2.42 1.65 1.81 0.83 2.43 3.49 1.38 2.8  4.75 1.82 4.9  2.6  2.25 4.32 2.23 1.48 3.19 1.46 4.07 3.51 1.35
A99    3.4  1.7  1.81 2.71 1.8  0.59 3.46 4.54 2.76 4.88 3.1  1.06 0.23 3.39 3.55 1.7  0.34 3.5  4.76 0.78 1.32 2.29 0.55 3.69 0.93 0.4  3.05 1.55 3.94 2.77 3.52 4.07 0.71 2.97 4.13 1.96 2.96 1.57 4.59 4.59 4.6  0.66 4.1  1.57 1.6  3.71 3.72 4.32 2.66 3.55 4.28 1.41 1.66 0.15 2.94 2.48 2.35 0.73 1.18 2.49 2.63 0.5  0.19 2.78 4.39 0.23 3.61 3.1  1.73 0.96 0.76 2.83 0.84 0.56 3.12 0.36 1.81 2.61 1.02 1.06 1.47 0.2  0.9  3.89 3.09 0.88 1.19 1.48 2.52 2.51 1.48 1.72 0.42 2.8  0.73 3.59 4.76 3.47 3.71